Genauigkeit: epsilon = 1.000000e-01

xev =

   -2.4929   -4.3257   -5.0029   -4.3387   -2.5079
   -3.9948   -6.9311   -8.0154   -6.9505   -4.0174
   -4.5016   -7.8090   -9.0290   -7.8284   -4.5242
   -4.0077   -6.9505   -8.0348   -6.9651   -4.0247
   -2.5079   -4.3484   -5.0256   -4.3557   -2.5164


xgv =

   -2.4929   -4.3257   -5.0029   -4.3387   -2.5079
   -3.9948   -6.9311   -8.0154   -6.9505   -4.0174
   -4.5016   -7.8090   -9.0290   -7.8284   -4.5242
   -4.0077   -6.9505   -8.0348   -6.9651   -4.0247
   -2.5079   -4.3484   -5.0256   -4.3557   -2.5164

Genauigkeit: epsilon = 1.000000e-02

xev =

   -2.5239   -4.3723   -5.0495   -4.3736   -2.5254
   -4.0413   -7.0010   -8.0853   -7.0030   -4.0436
   -4.5482   -7.8789   -9.0989   -7.8808   -4.5504
   -4.0426   -7.0030   -8.0872   -7.0044   -4.0443
   -2.5254   -4.3746   -5.0518   -4.3753   -2.5263


xgv =

   -2.5239   -4.3723   -5.0495   -4.3736   -2.5254
   -4.0413   -7.0010   -8.0853   -7.0030   -4.0436
   -4.5482   -7.8789   -9.0989   -7.8808   -4.5504
   -4.0426   -7.0030   -8.0872   -7.0044   -4.0443
   -2.5254   -4.3746   -5.0518   -4.3753   -2.5263

Genauigkeit: epsilon = 1.000000e-04

xev =

   -2.5273   -4.3775   -5.0547   -4.3775   -2.5273
   -4.0465   -7.0087   -8.0930   -7.0087   -4.0465
   -4.5533   -7.8866   -9.1066   -7.8866   -4.5533
   -4.0465   -7.0087   -8.0930   -7.0088   -4.0465
   -2.5273   -4.3775   -5.0547   -4.3775   -2.5273


xgv =

   -2.5273   -4.3775   -5.0547   -4.3775   -2.5273
   -4.0465   -7.0087   -8.0930   -7.0087   -4.0465
   -4.5533   -7.8866   -9.1066   -7.8866   -4.5533
   -4.0465   -7.0087   -8.0930   -7.0088   -4.0465
   -2.5273   -4.3775   -5.0547   -4.3775   -2.5273

Genauigkeit: epsilon = 1.000000e-06

xev =

   -2.5274   -4.3775   -5.0547   -4.3775   -2.5274
   -4.0465   -7.0088   -8.0931   -7.0088   -4.0465
   -4.5534   -7.8866   -9.1067   -7.8866   -4.5534
   -4.0465   -7.0088   -8.0931   -7.0088   -4.0465
   -2.5274   -4.3775   -5.0547   -4.3775   -2.5274


xgv =

   -2.5274   -4.3775   -5.0547   -4.3775   -2.5274
   -4.0465   -7.0088   -8.0931   -7.0088   -4.0465
   -4.5534   -7.8866   -9.1067   -7.8866   -4.5534
   -4.0465   -7.0088   -8.0931   -7.0088   -4.0465
   -2.5274   -4.3775   -5.0547   -4.3775   -2.5274

>> 