Genauigkeit: epsilon = 1.000000e-01

xev =

   -2.4661   -4.2855   -4.9627   -4.3085   -2.4928
   -3.9546   -6.8708   -7.9550   -6.9052   -3.9947
   -4.4613   -7.7486   -8.9686   -7.7830   -4.5015
   -3.9775   -6.9052   -7.9895   -6.9311   -4.0077
   -2.4928   -4.3257   -5.0029   -4.3387   -2.5079


xgv =

   -2.4661   -4.2855   -4.9627   -4.3085   -2.4928
   -3.9546   -6.8708   -7.9550   -6.9052   -3.9947
   -4.4613   -7.7486   -8.9686   -7.7830   -4.5015
   -3.9775   -6.9052   -7.9895   -6.9311   -4.0077
   -2.4928   -4.3257   -5.0029   -4.3387   -2.5079

Genauigkeit: epsilon = 1.000000e-02

xev =

   -2.5212   -4.3683   -5.0455   -4.3706   -2.5239
   -4.0373   -6.9950   -8.0792   -6.9984   -4.0413
   -4.5441   -7.8728   -9.0929   -7.8763   -4.5482
   -4.0396   -6.9984   -8.0827   -7.0010   -4.0426
   -2.5239   -4.3723   -5.0495   -4.3736   -2.5254


xgv =

   -2.5212   -4.3683   -5.0455   -4.3706   -2.5239
   -4.0373   -6.9950   -8.0792   -6.9984   -4.0413
   -4.5441   -7.8728   -9.0929   -7.8763   -4.5482
   -4.0396   -6.9984   -8.0827   -7.0010   -4.0426
   -2.5239   -4.3723   -5.0495   -4.3736   -2.5254

Genauigkeit: epsilon = 1.000000e-04

xev =

   -2.5273   -4.3774   -5.0546   -4.3774   -2.5273
   -4.0464   -7.0087   -8.0929   -7.0087   -4.0465
   -4.5533   -7.8865   -9.1066   -7.8865   -4.5533
   -4.0465   -7.0087   -8.0930   -7.0087   -4.0465
   -2.5273   -4.3775   -5.0547   -4.3775   -2.5273


xgv =

   -2.5273   -4.3774   -5.0546   -4.3774   -2.5273
   -4.0464   -7.0087   -8.0929   -7.0087   -4.0465
   -4.5533   -7.8865   -9.1066   -7.8865   -4.5533
   -4.0465   -7.0087   -8.0930   -7.0087   -4.0465
   -2.5273   -4.3775   -5.0547   -4.3775   -2.5273

Genauigkeit: epsilon = 1.000000e-06

xev =

   -2.5274   -4.3775   -5.0547   -4.3775   -2.5274
   -4.0465   -7.0088   -8.0931   -7.0088   -4.0465
   -4.5533   -7.8866   -9.1067   -7.8866   -4.5534
   -4.0465   -7.0088   -8.0931   -7.0088   -4.0465
   -2.5274   -4.3775   -5.0547   -4.3775   -2.5274


xgv =

   -2.5274   -4.3775   -5.0547   -4.3775   -2.5274
   -4.0465   -7.0088   -8.0931   -7.0088   -4.0465
   -4.5533   -7.8866   -9.1067   -7.8866   -4.5534
   -4.0465   -7.0088   -8.0931   -7.0088   -4.0465
   -2.5274   -4.3775   -5.0547   -4.3775   -2.5274

>> 